Coordinates are given as [row, col]

Level 1
Dands = [[7, 4]]
Stones = []

Level 2
Dands = [[3,3], [3, 8], [8, 3], [8, 8]] 
Stones = []

Level 3
Dands = [[2, 2], [2, 9], [9, 2], [9, 9]]
Stones = [[2, 3], [2, 8], [3, 2], [3, 3], [3, 8], [3, 9], [8, 2], [8, 3], [8, 8], [8, 9], [9, 3], [9, 8]]

Level 4
Dands = [[2,2], [4,7],[8, 4]]
Stones = [[1,1], [1, 10], [10, 1], [10, 10]]

Level 5
Dands = [[5, 8], [6, 3]]
Stones = [[4, 4], [4, 7], [4, 8], [5,4], [5, 7], [6,4],[6,7], [7, 3], [7, 4], [7,7]] 

Level 6
Dands = [[3, 5], [3, 6], [4, 5], [4, 6]]
Stones = [[3, 4], [3, 7], [4, 4], [4, 7], [8, 3], [8, 8], [9, 4], [9,5], [9,6], [9,7]] 

Level 7
Dands = [[4, 2], [10, 10]]
Stones = [[1, 10], [2, 9], [3, 8], [4, 1], [4, 3], [4,7], [5, 2], [7, 7], [7, 8], [8, 7], [8, 8], [9, 1], [9, 2], [10, 1], [10, 2]]

Level 8
Dands = [[1, 1], [1, 4], [1, 9], [2, 6], [3, 5], [4, 6], [5, 9], [7, 5], [9, 3]]
Stones = [[1, 2], [1, 3], [1, 5], [1,7], [2, 2], [2, 5], [2, 9], [3, 2], [3, 6], [4, 2], [4,4], [4, 10], [5, 4], [5, 6], [5, 10], [6, 6], [7, 2], [7, 4], [7, 10], [8, 4], [8, 6], [9, 2], [9, 6], [10, 2], [10, 4], [10, 10]]

Level 9
Dands = [[3, 3], [3, 8], [8, 3], [8, 8]]
Stones = [[2, 2], [2, 4], [2, 7], [2, 9], [4, 2], [4, 4], [4, 7], [4, 9], [7, 2], [7, 4], [7, 7], [7, 9], [9, 2], [9, 4], [9, 7], [9, 9]]

Level 10
Dands = [[5, 5], [5, 6]]
Stones = [[1,1], [1,2], [1,3], [1, 8], [1, 9], [1, 10], [2, 2], [2, 9], [4, 3], [4, 4], [4, 5], [4, 6], [4, 7], [4, 8], [5, 4], [5, 7], [10, 1], [10, 10]]
